(0,0) -> 0.00000000
(1,0) -> 200.00000000
(1,1) -> 200.00000000
(2,0) -> 230.00000000
(2,1) -> 460.00000000
(2,2) -> 230.00000000
(3,0) -> 234.50000000
(3,1) -> 503.50000000
(3,2) -> 503.50000000
(3,3) -> 234.50000000
(4,0) -> 235.17500000
(4,1) -> 510.70000000
(4,2) -> 551.05000000
(4,3) -> 510.70000000
(4,4) -> 235.17500000
(5,0) -> 235.27625000
(5,1) -> 511.88125000
(5,2) -> 559.26250000
(5,3) -> 559.26250000
(5,4) -> 511.88125000
(5,5) -> 235.27625000
(6,0) -> 235.29143750
(6,1) -> 512.07362500
(6,2) -> 560.67156250
(6,3) -> 567.77875000
(6,4) -> 560.67156250
(6,5) -> 512.07362500
(6,6) -> 235.29143750
(7,0) -> 235.29371563
(7,1) -> 512.10475937
(7,2) -> 560.91177812
(7,3) -> 569.26754687
(7,4) -> 569.26754687
(7,5) -> 560.91177812
(7,6) -> 512.10475937
(7,7) -> 235.29371563
