(0,0) -> 0.00000000
(1,0) -> 45.00000000
(1,1) -> 45.00000000
(2,0) -> 51.75000000
(2,1) -> 103.50000000
(2,2) -> 51.75000000
(3,0) -> 52.76250000
(3,1) -> 113.28750000
(3,2) -> 113.28750000
(3,3) -> 52.76250000
(4,0) -> 52.91437500
(4,1) -> 114.90750000
(4,2) -> 123.98625000
(4,3) -> 114.90750000
(4,4) -> 52.91437500
(5,0) -> 52.93715625
(5,1) -> 115.17328125
(5,2) -> 125.83406250
(5,3) -> 125.83406250
(5,4) -> 115.17328125
(5,5) -> 52.93715625
(6,0) -> 52.94057344
(6,1) -> 115.21656563
(6,2) -> 126.15110156
(6,3) -> 127.75021875
(6,4) -> 126.15110156
(6,5) -> 115.21656562
(6,6) -> 52.94057344
