(0,0) -> 0.00000000
(1,0) -> 25.25000000
(1,1) -> 25.25000000
(2,0) -> 29.03750000
(2,1) -> 58.07500000
(2,2) -> 29.03750000
(3,0) -> 29.60562500
(3,1) -> 63.56687500
(3,2) -> 63.56687500
(3,3) -> 29.60562500
(4,0) -> 29.69084375
(4,1) -> 64.47587500
(4,2) -> 69.57006250
(4,3) -> 64.47587500
(4,4) -> 29.69084375
(5,0) -> 29.70362656
(5,1) -> 64.62500781
(5,2) -> 70.60689062
(5,3) -> 70.60689063
(5,4) -> 64.62500781
(5,5) -> 29.70362656
(6,0) -> 29.70554398
(6,1) -> 64.64929516
(6,2) -> 70.78478477
(6,3) -> 71.68206719
(6,4) -> 70.78478477
(6,5) -> 64.64929516
(6,6) -> 29.70554398
(7,0) -> 29.70583160
(7,1) -> 64.65322587
(7,2) -> 70.81511199
(7,3) -> 71.87002779
(7,4) -> 71.87002779
(7,5) -> 70.81511199
(7,6) -> 64.65322587
(7,7) -> 29.70583160
(8,0) -> 29.70587474
(8,1) -> 64.65385862
(8,2) -> 70.82025068
(8,3) -> 71.90277097
(8,4) -> 72.06100834
(8,5) -> 71.90277097
(8,6) -> 70.82025068
(8,7) -> 64.65385862
(8,8) -> 29.70587474
(9,0) -> 29.70588121
(9,1) -> 64.65396000
(9,2) -> 70.82111639
(9,3) -> 71.90845325
(9,4) -> 72.09456690
(9,5) -> 72.09456690
(9,6) -> 71.90845325
(9,7) -> 70.82111639
(9,8) -> 64.65396000
(9,9) -> 29.70588121
(10,0) -> 29.70588218
(10,1) -> 64.65397618
(10,2) -> 70.82126146
(10,3) -> 71.90943545
(10,4) -> 72.10045302
(10,5) -> 72.12837007
(10,6) -> 72.10045302
(10,7) -> 71.90943545
(10,8) -> 70.82126146
(10,9) -> 64.65397618
(10,10) -> 29.70588218
(11,0) -> 29.70588233
(11,1) -> 64.65397875
(11,2) -> 70.82128565
(11,3) -> 71.90960454
(11,4) -> 72.10148327
(11,5) -> 72.13432346
(11,6) -> 72.13432346
(11,7) -> 72.10148327
(11,8) -> 71.90960454
(11,9) -> 70.82128565
(11,10) -> 64.65397875
(11,11) -> 29.70588233
(12,0) -> 29.70588235
(12,1) -> 64.65397916
(12,2) -> 70.82128966
(12,3) -> 71.90963353
(12,4) -> 72.10166317
(12,5) -> 72.13537101
(12,6) -> 72.14029704
(12,7) -> 72.13537101
(12,8) -> 72.10166317
(12,9) -> 71.90963353
(12,10) -> 70.82128966
(12,11) -> 64.65397916
(12,12) -> 29.70588235
(13,0) -> 29.70588235
(13,1) -> 64.65397923
(13,2) -> 70.82129032
(13,3) -> 71.90963848
(13,4) -> 72.10169450
(13,5) -> 72.13555513
(13,6) -> 72.14135021
(13,7) -> 72.14135021
(13,8) -> 72.13555513
(13,9) -> 72.10169450
(13,10) -> 71.90963848
(13,11) -> 70.82129032
(13,12) -> 64.65397923
(13,13) -> 29.70588235
(14,0) -> 29.70588235
(14,1) -> 64.65397924
(14,2) -> 70.82129043
(14,3) -> 71.90963932
(14,4) -> 72.10169995
(14,5) -> 72.13558744
(14,6) -> 72.14153580
(14,7) -> 72.14240506
(14,8) -> 72.14153580
(14,9) -> 72.13558744
(14,10) -> 72.10169995
(14,11) -> 71.90963932
(14,12) -> 70.82129043
(14,13) -> 64.65397924
(14,14) -> 29.70588235
(15,0) -> 29.70588235
(15,1) -> 64.65397924
(15,2) -> 70.82129045
(15,3) -> 71.90963946
(15,4) -> 72.10170089
(15,5) -> 72.13559311
(15,6) -> 72.14156849
(15,7) -> 72.14259113
(15,8) -> 72.14259113
(15,9) -> 72.14156849
(15,10) -> 72.13559311
(15,11) -> 72.10170089
(15,12) -> 71.90963946
(15,13) -> 70.82129045
(15,14) -> 64.65397924
(15,15) -> 29.70588235
