(0,0) -> 0.00000000
(1,0) -> 625.00000000
(1,1) -> 625.00000000
(2,0) -> 718.75000000
(2,1) -> 1437.50000000
(2,2) -> 718.75000000
(3,0) -> 732.81250000
(3,1) -> 1573.43750000
(3,2) -> 1573.43750000
(3,3) -> 732.81250000
(4,0) -> 734.92187500
(4,1) -> 1595.93750000
(4,2) -> 1722.03125000
(4,3) -> 1595.93750000
(4,4) -> 734.92187500
(5,0) -> 735.23828125
(5,1) -> 1599.62890625
(5,2) -> 1747.69531250
(5,3) -> 1747.69531250
(5,4) -> 1599.62890625
(5,5) -> 735.23828125
(6,0) -> 735.28574219
(6,1) -> 1600.23007813
(6,2) -> 1752.09863281
(6,3) -> 1774.30859375
(6,4) -> 1752.09863281
(6,5) -> 1600.23007813
(6,6) -> 735.28574219
(7,0) -> 735.29286133
(7,1) -> 1600.32737305
(7,2) -> 1752.84930664
(7,3) -> 1778.96108398
(7,4) -> 1778.96108398
(7,5) -> 1752.84930664
(7,6) -> 1600.32737305
(7,7) -> 735.29286133
(8,0) -> 735.29392920
(8,1) -> 1600.34303516
(8,2) -> 1752.97650195
(8,3) -> 1779.77155859
(8,4) -> 1783.68832520
(8,5) -> 1779.77155859
(8,6) -> 1752.97650195
(8,7) -> 1600.34303516
(8,8) -> 735.29392920
(9,0) -> 735.29408938
(9,1) -> 1600.34554465
(9,2) -> 1752.99793057
(9,3) -> 1779.91220908
(9,4) -> 1784.51898257
(9,5) -> 1784.51898257
(9,6) -> 1779.91220908
(9,7) -> 1752.99793057
(9,8) -> 1600.34554465
(9,9) -> 735.29408938
