(0,0) -> 0.00000000
(1,0) -> 17.00000000
(1,1) -> 17.00000000
(2,0) -> 19.55000000
(2,1) -> 39.10000000
(2,2) -> 19.55000000
(3,0) -> 19.93250000
(3,1) -> 42.79750000
(3,2) -> 42.79750000
(3,3) -> 19.93250000
(4,0) -> 19.98987500
(4,1) -> 43.40950000
(4,2) -> 46.83925000
(4,3) -> 43.40950000
(4,4) -> 19.98987500
(5,0) -> 19.99848125
(5,1) -> 43.50990625
(5,2) -> 47.53731250
(5,3) -> 47.53731250
(5,4) -> 43.50990625
(5,5) -> 19.99848125
(6,0) -> 19.99977219
(6,1) -> 43.52625812
(6,2) -> 47.65708281
(6,3) -> 48.26119375
(6,4) -> 47.65708281
(6,5) -> 43.52625812
(6,6) -> 19.99977219
(7,0) -> 19.99996583
(7,1) -> 43.52890455
(7,2) -> 47.67750114
(7,3) -> 48.38774148
(7,4) -> 48.38774148
(7,5) -> 47.67750114
(7,6) -> 43.52890455
(7,7) -> 19.99996583
(8,0) -> 19.99999487
(8,1) -> 43.52933056
(8,2) -> 47.68096085
(8,3) -> 48.40978639
(8,4) -> 48.51632245
(8,5) -> 48.40978639
(8,6) -> 47.68096085
(8,7) -> 43.52933056
(8,8) -> 19.99999487
(9,0) -> 19.99999923
(9,1) -> 43.52939881
(9,2) -> 47.68154371
(9,3) -> 48.41361209
(9,4) -> 48.53891633
(9,5) -> 48.53891633
(9,6) -> 48.41361209
(9,7) -> 47.68154371
(9,8) -> 43.52939881
(9,9) -> 19.99999923
(10,0) -> 19.99999988
(10,1) -> 43.52940971
(10,2) -> 47.68164138
(10,3) -> 48.41427337
(10,4) -> 48.54287926
(10,5) -> 48.56167490
(10,6) -> 48.54287926
(10,7) -> 48.41427337
(10,8) -> 47.68164138
(10,9) -> 43.52940971
(10,10) -> 19.99999988
(11,0) -> 19.99999998
(11,1) -> 43.52941144
(11,2) -> 47.68165766
(11,3) -> 48.41438721
(11,4) -> 48.54357289
(11,5) -> 48.56568312
(11,6) -> 48.56568312
(11,7) -> 48.54357289
(11,8) -> 48.41438721
(11,9) -> 47.68165766
(11,10) -> 43.52941144
(11,11) -> 19.99999998
(12,0) -> 20.00000000
(12,1) -> 43.52941171
(12,2) -> 47.68166037
(12,3) -> 48.41440673
(12,4) -> 48.54369402
(12,5) -> 48.56638840
(12,6) -> 48.56970494
(12,7) -> 48.56638840
(12,8) -> 48.54369402
(12,9) -> 48.41440673
(12,10) -> 47.68166037
(12,11) -> 43.52941171
(12,12) -> 20.00000000
(13,0) -> 20.00000000
(13,1) -> 43.52941176
(13,2) -> 47.68166081
(13,3) -> 48.41441006
(13,4) -> 48.54371511
(13,5) -> 48.56651236
(13,6) -> 48.57041400
(13,7) -> 48.57041400
(13,8) -> 48.56651236
(13,9) -> 48.54371511
(13,10) -> 48.41441006
(13,11) -> 47.68166081
(13,12) -> 43.52941176
(13,13) -> 20.00000000
(14,0) -> 20.00000000
(14,1) -> 43.52941176
(14,2) -> 47.68166089
(14,3) -> 48.41441063
(14,4) -> 48.54371878
(14,5) -> 48.56653412
(14,6) -> 48.57053895
(14,7) -> 48.57112420
(14,8) -> 48.57053895
(14,9) -> 48.56653412
(14,10) -> 48.54371878
(14,11) -> 48.41441063
(14,12) -> 47.68166089
(14,13) -> 43.52941176
(14,14) -> 20.00000000
(15,0) -> 20.00000000
(15,1) -> 43.52941176
(15,2) -> 47.68166090
(15,3) -> 48.41441073
(15,4) -> 48.54371941
(15,5) -> 48.56653793
(15,6) -> 48.57056096
(15,7) -> 48.57124947
(15,8) -> 48.57124947
(15,9) -> 48.57056096
(15,10) -> 48.56653793
(15,11) -> 48.54371941
(15,12) -> 48.41441073
(15,13) -> 47.68166090
(15,14) -> 43.52941176
(15,15) -> 20.00000000
