(0,0) -> 0.00000000
(1,0) -> 959.50000000
(1,1) -> 959.50000000
(2,0) -> 1103.42500000
(2,1) -> 2206.85000000
(2,2) -> 1103.42500000
(3,0) -> 1125.01375000
(3,1) -> 2415.54125000
(3,2) -> 2415.54125000
(3,3) -> 1125.01375000
(4,0) -> 1128.25206250
(4,1) -> 2450.08325000
(4,2) -> 2643.66237500
(4,3) -> 2450.08325000
(4,4) -> 1128.25206250
(5,0) -> 1128.73780937
(5,1) -> 2455.75029688
(5,2) -> 2683.06184375
(5,3) -> 2683.06184375
(5,4) -> 2455.75029688
(5,5) -> 1128.73780937
(6,0) -> 1128.81067141
(6,1) -> 2456.67321594
(6,2) -> 2689.82182109
(6,3) -> 2723.91855313
(6,4) -> 2689.82182109
(6,5) -> 2456.67321594
(6,6) -> 1128.81067141
(7,0) -> 1128.82160071
(7,1) -> 2456.82258310
(7,2) -> 2690.97425555
(7,3) -> 2731.06105613
(7,4) -> 2731.06105613
(7,5) -> 2690.97425555
(7,6) -> 2456.82258310
(7,7) -> 1128.82160071
(8,0) -> 1128.82324011
(8,1) -> 2456.84662757
(8,2) -> 2691.16952580
(8,3) -> 2732.30529675
(8,4) -> 2738.31831684
(8,5) -> 2732.30529675
(8,6) -> 2691.16952580
(8,7) -> 2456.84662757
(8,8) -> 1128.82324011
(9,0) -> 1128.82348602
(9,1) -> 2456.85048015
(9,2) -> 2691.20242301
(9,3) -> 2732.52122338
(9,4) -> 2739.59354204
(9,5) -> 2739.59354204
(9,6) -> 2732.52122338
(9,7) -> 2691.20242301
(9,8) -> 2456.85048015
(9,9) -> 1128.82348602
(10,0) -> 1128.82352290
(10,1) -> 2456.85109493
(10,2) -> 2691.20793547
(10,3) -> 2732.55854696
(10,4) -> 2739.81721481
(10,5) -> 2740.87806261
(10,6) -> 2739.81721481
(10,7) -> 2732.55854696
(10,8) -> 2691.20793547
(10,9) -> 2456.85109493
(10,10) -> 1128.82352290
(11,0) -> 1128.82352844
(11,1) -> 2456.85119267
(11,2) -> 2691.20885456
(11,3) -> 2732.56497236
(11,4) -> 2739.85636427
(11,5) -> 2741.10429161
(11,6) -> 2741.10429161
(11,7) -> 2739.85636427
(11,8) -> 2732.56497236
(11,9) -> 2691.20885456
(11,10) -> 2456.85119267
(11,11) -> 1128.82352844
(12,0) -> 1128.82352927
(12,1) -> 2456.85120817
(12,2) -> 2691.20900709
(12,3) -> 2732.56607404
(12,4) -> 2739.86320049
(12,5) -> 2741.14409838
(12,6) -> 2741.33128748
(12,7) -> 2741.14409838
(12,8) -> 2739.86320049
(12,9) -> 2732.56607404
(12,10) -> 2691.20900709
(12,11) -> 2456.85120817
(12,12) -> 1128.82352927
(13,0) -> 1128.82352939
(13,1) -> 2456.85121061
(13,2) -> 2691.20903229
(13,3) -> 2732.56626217
(13,4) -> 2739.86439118
(13,5) -> 2741.15109483
(13,6) -> 2741.37130788
(13,7) -> 2741.37130788
(13,8) -> 2741.15109483
(13,9) -> 2739.86439118
(13,10) -> 2732.56626217
(13,11) -> 2691.20903229
(13,12) -> 2456.85121061
(13,13) -> 1128.82352939
(14,0) -> 1128.82352941
(14,1) -> 2456.85121100
(14,2) -> 2691.20903644
(14,3) -> 2732.56629417
(14,4) -> 2739.86459800
(14,5) -> 2741.15232290
(14,6) -> 2741.37836041
(14,7) -> 2741.41139236
(14,8) -> 2741.37836041
(14,9) -> 2741.15232290
(14,10) -> 2739.86459800
(14,11) -> 2732.56629417
(14,12) -> 2691.20903644
(14,13) -> 2456.85121100
(14,14) -> 1128.82352941
(15,0) -> 1128.82352941
(15,1) -> 2456.85121106
(15,2) -> 2691.20903712
(15,3) -> 2732.56629959
(15,4) -> 2739.86463383
(15,5) -> 2741.15253814
(15,6) -> 2741.37960250
(15,7) -> 2741.41846292
(15,8) -> 2741.41846292
(15,9) -> 2741.37960250
(15,10) -> 2741.15253814
(15,11) -> 2739.86463383
(15,12) -> 2732.56629959
(15,13) -> 2691.20903712
(15,14) -> 2456.85121106
(15,15) -> 1128.82352941
(16,0) -> 1128.82352941
(16,1) -> 2456.85121107
(16,2) -> 2691.20903723
(16,3) -> 2732.56630051
(16,4) -> 2739.86464001
(16,5) -> 2741.15257579
(16,6) -> 2741.37982109
(16,7) -> 2741.41970981
(16,8) -> 2741.42553887
(16,9) -> 2741.41970981
(16,10) -> 2741.37982109
(16,11) -> 2741.15257579
(16,12) -> 2739.86464001
(16,13) -> 2732.56630051
(16,14) -> 2691.20903723
(16,15) -> 2456.85121107
(16,16) -> 1128.82352941
(17,0) -> 1128.82352941
(17,1) -> 2456.85121107
(17,2) -> 2691.20903724
(17,3) -> 2732.56630066
(17,4) -> 2739.86464108
(17,5) -> 2741.15258237
(17,6) -> 2741.37985953
(17,7) -> 2741.41992964
(17,8) -> 2741.42678730
(17,9) -> 2741.42678730
(17,10) -> 2741.41992964
(17,11) -> 2741.37985953
(17,12) -> 2741.15258237
(17,13) -> 2739.86464108
(17,14) -> 2732.56630066
(17,15) -> 2691.20903724
(17,16) -> 2456.85121107
(17,17) -> 1128.82352941
(18,0) -> 1128.82352941
(18,1) -> 2456.85121107
(18,2) -> 2691.20903725
(18,3) -> 2732.56630069
(18,4) -> 2739.86464126
(18,5) -> 2741.15258352
(18,6) -> 2741.37986629
(18,7) -> 2741.41996838
(18,8) -> 2741.42700754
(18,9) -> 2741.42803619
(18,10) -> 2741.42700754
(18,11) -> 2741.41996838
(18,12) -> 2741.37986629
(18,13) -> 2741.15258352
(18,14) -> 2739.86464126
(18,15) -> 2732.56630069
(18,16) -> 2691.20903725
(18,17) -> 2456.85121107
(18,18) -> 1128.82352941
(19,0) -> 1128.82352941
(19,1) -> 2456.85121107
(19,2) -> 2691.20903725
(19,3) -> 2732.56630069
(19,4) -> 2739.86464129
(19,5) -> 2741.15258372
(19,6) -> 2741.37986747
(19,7) -> 2741.41997520
(19,8) -> 2741.42704639
(19,9) -> 2741.42825656
(19,10) -> 2741.42825656
(19,11) -> 2741.42704639
(19,12) -> 2741.41997520
(19,13) -> 2741.37986747
(19,14) -> 2741.15258372
(19,15) -> 2739.86464129
(19,16) -> 2732.56630069
(19,17) -> 2691.20903725
(19,18) -> 2456.85121107
(19,19) -> 1128.82352941
