(0,0) -> 0.00000000
(1,0) -> 50.00000000
(1,1) -> 50.00000000
(2,0) -> 57.50000000
(2,1) -> 115.00000000
(2,2) -> 57.50000000
(3,0) -> 58.62500000
(3,1) -> 125.87500000
(3,2) -> 125.87500000
(3,3) -> 58.62500000
(4,0) -> 58.79375000
(4,1) -> 127.67500000
(4,2) -> 137.76250000
(4,3) -> 127.67500000
(4,4) -> 58.79375000
(5,0) -> 58.81906250
(5,1) -> 127.97031250
(5,2) -> 139.81562500
(5,3) -> 139.81562500
(5,4) -> 127.97031250
(5,5) -> 58.81906250
(6,0) -> 58.82285938
(6,1) -> 128.01840625
(6,2) -> 140.16789063
(6,3) -> 141.94468750
(6,4) -> 140.16789062
(6,5) -> 128.01840625
(6,6) -> 58.82285938
(7,0) -> 58.82342891
(7,1) -> 128.02618984
(7,2) -> 140.22794453
(7,3) -> 142.31688672
(7,4) -> 142.31688672
(7,5) -> 140.22794453
(7,6) -> 128.02618984
(7,7) -> 58.82342891
(8,0) -> 58.82351434
(8,1) -> 128.02744281
(8,2) -> 140.23812016
(8,3) -> 142.38172469
(8,4) -> 142.69506602
(8,5) -> 142.38172469
(8,6) -> 140.23812016
(8,7) -> 128.02744281
(8,8) -> 58.82351434
(9,0) -> 58.82352715
(9,1) -> 128.02764357
(9,2) -> 140.23983445
(9,3) -> 142.39297673
(9,4) -> 142.76151861
(9,5) -> 142.76151861
(9,6) -> 142.39297673
(9,7) -> 140.23983445
(9,8) -> 128.02764357
(9,9) -> 58.82352715
(10,0) -> 58.82352907
(10,1) -> 128.02767561
(10,2) -> 140.24012170
(10,3) -> 142.39492168
(10,4) -> 142.77317430
(10,5) -> 142.82845558
(10,6) -> 142.77317430
(10,7) -> 142.39492168
(10,8) -> 140.24012170
(10,9) -> 128.02767561
(10,10) -> 58.82352907
(11,0) -> 58.82352936
(11,1) -> 128.02768070
(11,2) -> 140.24016960
(11,3) -> 142.39525651
(11,4) -> 142.77521440
(11,5) -> 142.84024448
(11,6) -> 142.84024448
(11,7) -> 142.77521440
(11,8) -> 142.39525651
(11,9) -> 140.24016960
(11,10) -> 128.02768070
(11,11) -> 58.82352936
(12,0) -> 58.82352940
(12,1) -> 128.02768151
(12,2) -> 140.24017754
(12,3) -> 142.39531392
(12,4) -> 142.77557064
(12,5) -> 142.84231883
(12,6) -> 142.85207334
(12,7) -> 142.84231883
(12,8) -> 142.77557064
(12,9) -> 142.39531392
(12,10) -> 140.24017754
(12,11) -> 128.02768151
(12,12) -> 58.82352940
(13,0) -> 58.82352941
(13,1) -> 128.02768164
(13,2) -> 140.24017886
(13,3) -> 142.39532372
(13,4) -> 142.77563268
(13,5) -> 142.84268342
(13,6) -> 142.85415883
(13,7) -> 142.85415883
(13,8) -> 142.84268342
(13,9) -> 142.77563268
(13,10) -> 142.39532372
(13,11) -> 140.24017886
(13,12) -> 128.02768164
(13,13) -> 58.82352941
(14,0) -> 58.82352941
(14,1) -> 128.02768166
(14,2) -> 140.24017907
(14,3) -> 142.39532539
(14,4) -> 142.77564346
(14,5) -> 142.84274742
(14,6) -> 142.85452634
(14,7) -> 142.85624765
(14,8) -> 142.85452634
(14,9) -> 142.84274742
(14,10) -> 142.77564346
(14,11) -> 142.39532539
(14,12) -> 140.24017907
(14,13) -> 128.02768166
(14,14) -> 58.82352941
(15,0) -> 58.82352941
(15,1) -> 128.02768166
(15,2) -> 140.24017911
(15,3) -> 142.39532567
(15,4) -> 142.77564533
(15,5) -> 142.84275863
(15,6) -> 142.85459106
(15,7) -> 142.85661610
(15,8) -> 142.85661610
(15,9) -> 142.85459106
(15,10) -> 142.84275863
(15,11) -> 142.77564533
(15,12) -> 142.39532567
(15,13) -> 140.24017911
(15,14) -> 128.02768166
(15,15) -> 58.82352941
(16,0) -> 58.82352941
(16,1) -> 128.02768166
(16,2) -> 140.24017912
(16,3) -> 142.39532572
(16,4) -> 142.77564565
(16,5) -> 142.84276059
(16,6) -> 142.85460245
(16,7) -> 142.85668107
(16,8) -> 142.85698483
(16,9) -> 142.85668107
(16,10) -> 142.85460245
(16,11) -> 142.84276059
(16,12) -> 142.77564565
(16,13) -> 142.39532572
(16,14) -> 140.24017912
(16,15) -> 128.02768166
(16,16) -> 58.82352941
(17,0) -> 58.82352941
(17,1) -> 128.02768166
(17,2) -> 140.24017912
(17,3) -> 142.39532572
(17,4) -> 142.77564570
(17,5) -> 142.84276094
(17,6) -> 142.85460446
(17,7) -> 142.85669253
(17,8) -> 142.85704989
(17,9) -> 142.85704989
(17,10) -> 142.85669253
(17,11) -> 142.85460446
(17,12) -> 142.84276094
(17,13) -> 142.77564570
(17,14) -> 142.39532572
(17,15) -> 140.24017912
(17,16) -> 128.02768166
(17,17) -> 58.82352941
(18,0) -> 58.82352941
(18,1) -> 128.02768166
(18,2) -> 140.24017912
(18,3) -> 142.39532573
(18,4) -> 142.77564571
(18,5) -> 142.84276100
(18,6) -> 142.85460481
(18,7) -> 142.85669455
(18,8) -> 142.85706136
(18,9) -> 142.85711497
(18,10) -> 142.85706136
(18,11) -> 142.85669455
(18,12) -> 142.85460481
(18,13) -> 142.84276100
(18,14) -> 142.77564571
(18,15) -> 142.39532573
(18,16) -> 140.24017912
(18,17) -> 128.02768166
(18,18) -> 58.82352941
(19,0) -> 58.82352941
(19,1) -> 128.02768166
(19,2) -> 140.24017912
(19,3) -> 142.39532573
(19,4) -> 142.77564572
(19,5) -> 142.84276101
(19,6) -> 142.85460487
(19,7) -> 142.85669490
(19,8) -> 142.85706339
(19,9) -> 142.85712645
(19,10) -> 142.85712645
(19,11) -> 142.85706339
(19,12) -> 142.85669490
(19,13) -> 142.85460487
(19,14) -> 142.84276101
(19,15) -> 142.77564572
(19,16) -> 142.39532573
(19,17) -> 140.24017912
(19,18) -> 128.02768166
(19,19) -> 58.82352941
(20,0) -> 58.82352941
(20,1) -> 128.02768166
(20,2) -> 140.24017912
(20,3) -> 142.39532573
(20,4) -> 142.77564572
(20,5) -> 142.84276101
(20,6) -> 142.85460488
(20,7) -> 142.85669497
(20,8) -> 142.85706374
(20,9) -> 142.85712848
(20,10) -> 142.85713793
(20,11) -> 142.85712848
(20,12) -> 142.85706374
(20,13) -> 142.85669497
(20,14) -> 142.85460488
(20,15) -> 142.84276101
(20,16) -> 142.77564572
(20,17) -> 142.39532573
(20,18) -> 140.24017912
(20,19) -> 128.02768166
(20,20) -> 58.82352941
(21,0) -> 58.82352941
(21,1) -> 128.02768166
(21,2) -> 140.24017912
(21,3) -> 142.39532573
(21,4) -> 142.77564572
(21,5) -> 142.84276101
(21,6) -> 142.85460488
(21,7) -> 142.85669498
(21,8) -> 142.85706381
(21,9) -> 142.85712883
(21,10) -> 142.85713996
(21,11) -> 142.85713996
(21,12) -> 142.85712883
(21,13) -> 142.85706381
(21,14) -> 142.85669498
(21,15) -> 142.85460488
(21,16) -> 142.84276101
(21,17) -> 142.77564572
(21,18) -> 142.39532573
(21,19) -> 140.24017912
(21,20) -> 128.02768166
(21,21) -> 58.82352941
(22,0) -> 58.82352941
(22,1) -> 128.02768166
(22,2) -> 140.24017912
(22,3) -> 142.39532573
(22,4) -> 142.77564572
(22,5) -> 142.84276101
(22,6) -> 142.85460488
(22,7) -> 142.85669498
(22,8) -> 142.85706382
(22,9) -> 142.85712890
(22,10) -> 142.85714032
(22,11) -> 142.85714199
(22,12) -> 142.85714032
(22,13) -> 142.85712890
(22,14) -> 142.85706382
(22,15) -> 142.85669498
(22,16) -> 142.85460488
(22,17) -> 142.84276101
(22,18) -> 142.77564572
(22,19) -> 142.39532573
(22,20) -> 140.24017912
(22,21) -> 128.02768166
(22,22) -> 58.82352941
