(0,0) -> 0.00000000
(1,0) -> 2.50000000
(1,1) -> 2.50000000
(2,0) -> 2.87500000
(2,1) -> 5.75000000
(2,2) -> 2.87500000
(3,0) -> 2.93125000
(3,1) -> 6.29375000
(3,2) -> 6.29375000
(3,3) -> 2.93125000
(4,0) -> 2.93968750
(4,1) -> 6.38375000
(4,2) -> 6.88812500
(4,3) -> 6.38375000
(4,4) -> 2.93968750
(5,0) -> 2.94095313
(5,1) -> 6.39851562
(5,2) -> 6.99078125
(5,3) -> 6.99078125
(5,4) -> 6.39851562
(5,5) -> 2.94095313
(6,0) -> 2.94114297
(6,1) -> 6.40092031
(6,2) -> 7.00839453
(6,3) -> 7.09723437
(6,4) -> 7.00839453
(6,5) -> 6.40092031
(6,6) -> 2.94114297
(7,0) -> 2.94117145
(7,1) -> 6.40130949
(7,2) -> 7.01139723
(7,3) -> 7.11584434
(7,4) -> 7.11584434
(7,5) -> 7.01139723
(7,6) -> 6.40130949
(7,7) -> 2.94117145
(8,0) -> 2.94117572
(8,1) -> 6.40137214
(8,2) -> 7.01190601
(8,3) -> 7.11908623
(8,4) -> 7.13475330
(8,5) -> 7.11908623
(8,6) -> 7.01190601
(8,7) -> 6.40137214
(8,8) -> 2.94117572
