(0,0) -> 0.00000000
(1,0) -> 200.00000000
(1,1) -> 200.00000000
(2,0) -> 230.00000000
(2,1) -> 460.00000000
(2,2) -> 230.00000000
(3,0) -> 234.50000000
(3,1) -> 503.50000000
(3,2) -> 503.50000000
(3,3) -> 234.50000000
(4,0) -> 235.17500000
(4,1) -> 510.70000000
(4,2) -> 551.05000000
(4,3) -> 510.70000000
(4,4) -> 235.17500000
(5,0) -> 235.27625000
(5,1) -> 511.88125000
(5,2) -> 559.26250000
(5,3) -> 559.26250000
(5,4) -> 511.88125000
(5,5) -> 235.27625000
(6,0) -> 235.29143750
(6,1) -> 512.07362500
(6,2) -> 560.67156250
(6,3) -> 567.77875000
(6,4) -> 560.67156250
(6,5) -> 512.07362500
(6,6) -> 235.29143750
(7,0) -> 235.29371563
(7,1) -> 512.10475937
(7,2) -> 560.91177812
(7,3) -> 569.26754687
(7,4) -> 569.26754687
(7,5) -> 560.91177812
(7,6) -> 512.10475937
(7,7) -> 235.29371563
(8,0) -> 235.29405734
(8,1) -> 512.10977125
(8,2) -> 560.95248063
(8,3) -> 569.52689875
(8,4) -> 570.78026406
(8,5) -> 569.52689875
(8,6) -> 560.95248063
(8,7) -> 512.10977125
(8,8) -> 235.29405734
(9,0) -> 235.29410860
(9,1) -> 512.11057429
(9,2) -> 560.95933778
(9,3) -> 569.57190691
(9,4) -> 571.04607442
(9,5) -> 571.04607442
(9,6) -> 569.57190691
(9,7) -> 560.95933778
(9,8) -> 512.11057429
(9,9) -> 235.29410860
(10,0) -> 235.29411629
(10,1) -> 512.11070243
(10,2) -> 560.96048681
(10,3) -> 569.57968670
(10,4) -> 571.09269720
(10,5) -> 571.31382233
(10,6) -> 571.09269720
(10,7) -> 569.57968670
(10,8) -> 560.96048681
(10,9) -> 512.11070243
(10,10) -> 235.29411629
(11,0) -> 235.29411744
(11,1) -> 512.11072281
(11,2) -> 560.96067839
(11,3) -> 569.58102603
(11,4) -> 571.10085759
(11,5) -> 571.36097793
(11,6) -> 571.36097793
(11,7) -> 571.10085759
(11,8) -> 569.58102603
(11,9) -> 560.96067839
(11,10) -> 512.11072281
(11,11) -> 235.29411744
(12,0) -> 235.29411762
(12,1) -> 512.11072604
(12,2) -> 560.96071018
(12,3) -> 569.58125566
(12,4) -> 571.10228254
(12,5) -> 571.36927533
(12,6) -> 571.40829338
(12,7) -> 571.36927533
(12,8) -> 571.10228254
(12,9) -> 569.58125566
(12,10) -> 560.96071018
(12,11) -> 512.11072604
(12,12) -> 235.29411762
(13,0) -> 235.29411764
(13,1) -> 512.11072655
(13,2) -> 560.96071543
(13,3) -> 569.58129488
(13,4) -> 571.10253073
(13,5) -> 571.37073368
(13,6) -> 571.41663531
(13,7) -> 571.41663531
(13,8) -> 571.37073368
(13,9) -> 571.10253073
(13,10) -> 569.58129488
(13,11) -> 560.96071543
(13,12) -> 512.11072655
(13,13) -> 235.29411764
(14,0) -> 235.29411765
(14,1) -> 512.11072663
(14,2) -> 560.96071630
(14,3) -> 569.58130155
(14,4) -> 571.10257384
(14,5) -> 571.37098966
(14,6) -> 571.41810535
(14,7) -> 571.42499059
(14,8) -> 571.41810535
(14,9) -> 571.37098966
(14,10) -> 571.10257384
(14,11) -> 569.58130155
(14,12) -> 560.96071630
(14,13) -> 512.11072663
(14,14) -> 235.29411765
(15,0) -> 235.29411765
(15,1) -> 512.11072664
(15,2) -> 560.96071644
(15,3) -> 569.58130268
(15,4) -> 571.10258131
(15,5) -> 571.37103453
(15,6) -> 571.41836425
(15,7) -> 571.42646439
(15,8) -> 571.42646439
(15,9) -> 571.41836425
(15,10) -> 571.37103453
(15,11) -> 571.10258131
(15,12) -> 569.58130268
(15,13) -> 560.96071644
(15,14) -> 512.11072664
(15,15) -> 235.29411765
(16,0) -> 235.29411765
(16,1) -> 512.11072664
(16,2) -> 560.96071646
(16,3) -> 569.58130287
(16,4) -> 571.10258260
(16,5) -> 571.37104238
(16,6) -> 571.41840982
(16,7) -> 571.42672430
(16,8) -> 571.42793932
(16,9) -> 571.42672430
(16,10) -> 571.41840982
(16,11) -> 571.37104238
(16,12) -> 571.10258260
(16,13) -> 569.58130287
(16,14) -> 560.96071646
(16,15) -> 512.11072664
(16,16) -> 235.29411765
(17,0) -> 235.29411765
(17,1) -> 512.11072664
(17,2) -> 560.96071647
(17,3) -> 569.58130290
(17,4) -> 571.10258282
(17,5) -> 571.37104375
(17,6) -> 571.41841783
(17,7) -> 571.42677012
(17,8) -> 571.42819954
(17,9) -> 571.42819954
(17,10) -> 571.42677012
(17,11) -> 571.41841783
(17,12) -> 571.37104375
(17,13) -> 571.10258282
(17,14) -> 569.58130290
(17,15) -> 560.96071647
(17,16) -> 512.11072664
(17,17) -> 235.29411765
(18,0) -> 235.29411765
(18,1) -> 512.11072664
(18,2) -> 560.96071647
(18,3) -> 569.58130290
(18,4) -> 571.10258286
(18,5) -> 571.37104398
(18,6) -> 571.41841924
(18,7) -> 571.42677819
(18,8) -> 571.42824545
(18,9) -> 571.42845986
(18,10) -> 571.42824545
(18,11) -> 571.42677819
(18,12) -> 571.41841924
(18,13) -> 571.37104398
(18,14) -> 571.10258286
(18,15) -> 569.58130290
(18,16) -> 560.96071647
(18,17) -> 512.11072664
(18,18) -> 235.29411765
(19,0) -> 235.29411765
(19,1) -> 512.11072664
(19,2) -> 560.96071647
(19,3) -> 569.58130291
(19,4) -> 571.10258286
(19,5) -> 571.37104403
(19,6) -> 571.41841948
(19,7) -> 571.42677961
(19,8) -> 571.42825355
(19,9) -> 571.42850580
(19,10) -> 571.42850580
(19,11) -> 571.42825355
(19,12) -> 571.42677961
(19,13) -> 571.41841948
(19,14) -> 571.37104403
(19,15) -> 571.10258286
(19,16) -> 569.58130291
(19,17) -> 560.96071647
(19,18) -> 512.11072664
(19,19) -> 235.29411765
(20,0) -> 235.29411765
(20,1) -> 512.11072664
(20,2) -> 560.96071647
(20,3) -> 569.58130291
(20,4) -> 571.10258287
(20,5) -> 571.37104403
(20,6) -> 571.41841953
(20,7) -> 571.42677986
(20,8) -> 571.42825497
(20,9) -> 571.42851390
(20,10) -> 571.42855174
(20,11) -> 571.42851390
(20,12) -> 571.42825497
(20,13) -> 571.42677986
(20,14) -> 571.41841953
(20,15) -> 571.37104403
(20,16) -> 571.10258287
(20,17) -> 569.58130291
(20,18) -> 560.96071647
(20,19) -> 512.11072664
(20,20) -> 235.29411765
